HA_001	(-15;0;1)
HA_002	(-15;0;1)
HA_003	(-100;0;1)
HA_004	(-150;0;1)
HA_005	(-20;0;4)
HA_006	(-150;0;4)
HA_007	(-20;0;8)
HA_008	(-150;0;8)
HA_009	(-150;0;12)
HA_010	(10;0;1)
HA_011	(-50;0;4)
HA_012	(-50;0;1)
HA_013	
HA_014	(-50;0;8)
HA_015	(10;0;4)
HA_016	(-25;0;1)
HA_017	(-25;0;4)
HA_018	(-25;0;8)
HA_019	(-115;0;1)
HA_020	(0;0;12)
HA_021	(-15;0;12)
HA_022	(-25;0;12)
HA_023	(-50;0;12)
HA_024	(-50;0;1)
HA_025	(-50;0;2,5)
HA_026	(-50;0;4)
HA_027	(-50;0;6)
HA_028	(-50;0;8)
HA_029	(-50;0;12)
HA_030	(-25;0;2,5)
HA_031	(-25;0;4)
HA_032	(-25;0;4)
HA_033	(-25;0;8)
HA_034	(-25;0;12)
HA_035	(-25;0;2,5)
HA_036	(-150;0;2,5)
HA_037	(-150;0;4)
HA_038	(-150;0;8)
HA_039	(-150;0;12)
LAHT_040	(-150;0;12)
LAHT_041	(-50;0;12)
LAHT_042	(-25;0;12)
LAHT_043	(-15;0;12)
LAHT_044	(-0;0;12)
LAHT_045	(10;0;12)
LAHT_046	(10;0;2.5)
LAHT_047	(-15;0;2.5)
LAHT_048	(-25;0;2.5)
LAHT_049	(-150;0;2.5)
LAHT_050	(-25;0;4)
LAHT_051	(-50;0;4)
LAHT_052	(-50,0,2.5)
LAHT_053	(-115,0,2.5)
HA_054	(-115,0,2.5)
HA_055	(-115,0,4)
HA_056	(-115,0,4)
HA_057	(-115,0,8)
HA_058	(-115,0,12)
HA_059	(-20,0,2.5)
HA_060	(-20,0,4)
HA_061	(-20,0,8)
HA_062	(-20,0,8)
HA_063	(-20,0,12)
HA_064	(-20,0,12)
HA_065	(-20,0,8)
HA_066	(-20,0,4)
HA_067	(-20,0,2.5)
HA_068	(-50,0,2.5)
HA_069	-
HA_070	(-50,0,4)
HA_071	(-50,0,8)
HA_072	(-50,0,12)
HA_073	(-150,0,12)
HA_074	(-115,0,12)
HA_075	(-115,0,8)
HA_076	(-150,0,8)
HA_077	(-150,0,8)
HA_078	(-150,0,4)
HA_079	(-150,0,4)
HA_080	(-115,0,4)
HA_081	(-115,0,2.5)
HA_082	(-150,0,2.5)
HA_083	(-115,0,4)
HA_084	(-115,0,8)
HA_085	(-115,0,8)
HA_086	
LAHT_087	(-20,0,12)
LAHT_088	(10,0,20)
LAHT_089	(-15,0,20)
LAHT_090	(-20,0,20)
LAHT_091	(-25,0,20)
LAHT_092	(-50,0,20)
LAHT_093	(-115,0,20)
LAHT_094	(-150,0,20)
LAHT_095	(-150,0,8)
LAHT_096_ref	(-115,0,8)
LAHT_096	(-115,0,8)
LAHT_097	(-50,0,8)
LAHT_098	(-25,0,8)
LAHT_099	(-20,0,8)
LAHT_100	(-15,0,8)
LAHT_101	(10,0,8)
HA_102_ref	(10,0,20)
HA_102	(10,0,20)
HA_103	(-15,0,20)
HA_104	(-20,0,20)
HA_105	(-25,0,20)
HA_106	(-50,0,20)
HA_107	(-115,0,20)
HA_108	(-150,0,20)
HA_109	(-25,0,12)
HA_110	(-25,0,8)
HA_111	(-25,0,4)
HA_112	(-25,0,2.5)
LAHT_113	(-20,0,2.5)
LAHT_114	(-20,0,2.5)
LAHT_115	(-25,0,2.5)
LAHT_116	(-50,0,2.5)
LAHT_117	(-50,0,4)
LAHT_118	(-25,0,4)
LAHT_119	(-20,0,4)
LAHT_120	(-20,0,8)
LAHT_121	(-25,0,8)
LAHT_122	(-50,0,8)
LAHT_123	(-50,0,8)
LA_124	(-50,0,8)
LA_125	(-50,0,8)
LA_126	(-25,0,8)
LA_127	(-20,0,8)
LA_128	(-20,0,4)
LA_129	(-25,0,4)
LA_130	(-50,0,4)
LA_131	(-50,0,2.5)
LA_132	(-50,0,2.5)
LA_133	(-25,0,2.5)
LA_134	(-20,0,2.5)
LA_135	(-20,0,2.5)
LA_136	(-25,0,2.5)
LA_137	(-50,0,2.5)
LA_138	(-50,0,4)
LA_139	(-25,0,4)
LA_140	(-25,0,4)
LA_141	(-20,0,4)
LA_142	(-20,0,8)
LA_143	(-25,0,8)
LA_144	(-50,0,8)
LA_145	(-25,0,2.5)
HA_146	(-20,0,1)
HA_147	(-20,0,1)
HA_148	(-15,0,4)
